1.09e-06,35.07305386,1.08e-06,1.23e-06,1.09e-06,1.02e-06,BTC-2GIVE,170,1052,30736050.03148189
9.6e-07,2.89561931,9.5e-07,9.8e-07,9.6e-07,9.3e-07,BTC-ABY,184,2272,3029032.95037694
3.063e-05,432.0677504,3.06e-05,3.15e-05,3.059e-05,3.017e-05,BTC-ADA,3027,17504,13980187.41110303
5.07e-06,27.63535032,5.02e-06,5.39e-06,5.07e-06,5e-06,BTC-ADT,229,2983,5384857.29071274
0.00010168,106.67348633,0.0001009,0.0001055,0.0001009,9.801e-05,BTC-ADX,269,5148,1046538.93138986
0.00021091,6.71167252,0.00020603,0.000224,0.00021091,0.0002036,BTC-AEON,233,1777,31693.85938982
2.906e-05,11.66996961,2.893e-05,3.018e-05,2.893e-05,2.826e-05,BTC-AMP,231,4711,398789.63583388
0.00048908,34.057536,0.00048907,0.00052338,0.00048907,0.00047438,BTC-ANT,367,1758,69311.51806851
3.765e-05,41.40542897,3.738e-05,3.874e-05,3.765e-05,3.604e-05,BTC-ARDR,522,4373,1108946.08324362
0.00041119,161.50472978,0.000407,0.00044598,0.00040691,0.000393,BTC-ARK,3115,3795,391767.49633853
0.00011164,1.16504312,0.00011111,0.00011206,0.00011111,0.00010629,BTC-AUR,128,1075,10652.15994909
4.44e-05,77.98924966,4.433e-05,4.728e-05,4.44e-05,4.427e-05,BTC-BAT,478,2915,1688508.53195597
6.4e-06,15.82757418,6.38e-06,6.61e-06,6.38e-06,6.2e-06,BTC-BAY,279,4376,2479665.84064783
0.16194015,764.65625455,0.16147268,0.17,0.16194015,0.159,BTC-BCC,1503,5576,4696.69302654
5.31e-05,8.5058401,5.263e-05,5.426e-05,5.317e-05,5.224e-05,BTC-BCPT,76,1449,160387.20663977
4.23e-05,6.44339341,4.145e-05,4.567e-05,4.132e-05,3.869e-05,BTC-BCY,91,1494,152495.67321358
1.04e-06,27.43859842,1.03e-06,1.06e-06,1.03e-06,1.02e-06,BTC-BITB,343,2954,26459794.09057542
3.313e-05,13.25478123,3.234e-05,4.04e-05,3.229e-05,2.85e-05,BTC-BLITZ,89,717,389892.40840871
3.174e-05,15.81222085,3.152e-05,3.29e-05,3.175e-05,3.018e-05,BTC-BLK,193,2252,499704.66846395
0.00196307,46.42601131,0.00193205,0.00208001,0.00196309,0.00168889,BTC-BLOCK,726,1775,24656.90657728
7.82e-05,47.5828654,7.701e-05,8.439e-05,7.701e-05,7.638e-05,BTC-BLT,134,882,607398.64113994
0.00055836,17.26795412,0.00055296,0.00056998,0.00055295,0.00054201,BTC-BNT,241,1028,31016.2609597
2.263e-05,1.35401859,2.238e-05,2.299e-05,2.258e-05,2.172e-05,BTC-BRK,91,1308,60570.82979663
0.000118,0.82145004,0.00011404,0.00011834,0.00011448,0.00010757,BTC-BRX,72,690,7133.45398166
7.615e-05,3.77840661,7.478e-05,7.765e-05,7.615e-05,7.447e-05,BTC-BSD,132,2129,50078.69290902
0.00698427,179.83127683,0.0069786,0.00742656,0.0069786,0.00663154,BTC-BTG,381,5807,25753.69992219
3.19e-06,24.38959541,3.18e-06,3.19e-06,3.18e-06,2.9e-06,BTC-BURST,424,3848,8022275.32681237
6.475e-05,11.9582016,6.472e-05,7.47e-05,6.475e-05,6.162e-05,BTC-BYC,62,896,175832.25149869
5.65e-06,3.74026294,5.58e-06,5.96e-06,5.65e-06,5.51e-06,BTC-CANN,167,3848,651133.62147305
9.1e-06,7.08507275,9.04e-06,9.33e-06,9.1e-06,8.92e-06,BTC-CFI,408,3995,777116.98522644
0.00046313,0.93178515,0.00045688,0.00047023,0.00046027,0.00044169,BTC-CLAM,56,1039,2039.77988968
0.00144,62.1346049,0.00143574,0.00153959,0.00143574,0.00125629,BTC-CLOAK,313,1716,43188.5557933
1.02e-06,20.34549819,1.01e-06,1.03e-06,1.01e-06,8.3e-07,BTC-COVAL,252,2331,21687584.14326204
2.31e-05,1.17193703,2.282e-05,2.34e-05,2.281e-05,2.25e-05,BTC-CRB,67,1764,51078.8904044
0.00014945,16.02900589,0.00014943,0.000162,0.00014945,0.00014555,BTC-CRW,235,1253,104534.29305852
3.735e-05,0.33043273,3.732e-05,3.81e-05,3.729e-05,3.669e-05,BTC-CURE,119,1328,8866.58819677
4.396e-05,88.29485137,4.381e-05,4.761e-05,4.381e-05,4.358e-05,BTC-CVC,971,4200,1918548.62570211
0.04994843,231.75114762,0.04976844,0.05181,0.04994843,0.04861158,BTC-DASH,1076,4020,4634.99779512
0.01131,217.74669225,0.01130781,0.01174,0.01130781,0.01062001,BTC-DCR,676,1872,19291.15747251
0.0001086,21.57885966,0.0001085,0.00012405,0.0001086,0.00010593,BTC-DCT,204,1874,183801.77231266
4.84e-06,192.89290478,4.82e-06,5.06e-06,4.84e-06,4.77e-06,BTC-DGB,1175,11725,39332566.77677774
0.0007491,8.97417072,0.00072931,0.000764,0.00072929,0.00070063,BTC-DMD,130,1715,12330.55589707
5.495e-05,180.2111913,5.42e-05,6.428e-05,5.451e-05,4.48e-05,BTC-DMT,234,1216,3204013.81477794
1.029e-05,21.5432103,1.028e-05,1.106e-05,1.029e-05,1.02e-05,BTC-DNT,226,2724,2038655.22841892
5.4e-07,300.00800795,5.3e-07,5.6e-07,5.4e-07,5.1e-07,BTC-DOGE,1917,13523,571063357.194189
4.99e-06,7.93519632,4.96e-06,5.3e-06,4.96e-06,4.71e-06,BTC-DOPE,151,2468,1578026.60417175
8.642e-05,1.33275336,8.5e-05,8.782e-05,8.5e-05,8.5e-05,BTC-DTB,81,1645,15599.0762039
0.00020459,7.60582315,0.00020001,0.0002091,0.00020001,0.00019718,BTC-DYN,96,2105,37625.64004652
2.992e-05,147.46852828,2.956e-05,3.329e-05,2.989e-05,2.828e-05,BTC-EBST,353,4835,4853975.81106078
6.952e-05,32.74589777,6.934e-05,7.05e-05,6.934e-05,6.523e-05,BTC-EDG,278,4688,476622.87485665
1.771e-05,0.86315086,1.743e-05,1.78e-05,1.733e-05,1.715e-05,BTC-EFL,73,1033,49323.18530525
2.45e-05,0.66926406,2.438e-05,2.493e-05,2.438e-05,2.366e-05,BTC-EGC,81,1437,27560.87399578
0.00043367,48.89955886,0.00043021,0.00043368,0.00043368,0.0003995,BTC-EMC,283,1982,116678.71501738
2.946e-05,63.38196335,2.908e-05,3.11e-05,2.912e-05,2.9e-05,BTC-EMC2,503,7040,2127973.14447521
0.00034,96.63641878,0.00033794,0.00036346,0.00034017,0.00033423,BTC-ENG,327,1355,275629.43416421
1.055e-05,0.90755797,1.041e-05,1.057e-05,1.057e-05,1.043e-05,BTC-ENRG,157,2044,86735.12213885
4.822e-05,0.44754764,4.764e-05,4.826e-05,4.764e-05,4.763e-05,BTC-ERC,38,883,9333.05347376
0.00221999,178.94837302,0.00221,0.00225977,0.00221,0.00211507,BTC-ETC,638,7835,81492.12855892
0.084329,780.416996,0.08419002,0.08455899,0.084329,0.08308,BTC-ETH,4068,3399,9321.44055197
0.0001253,2.19714211,0.00012225,0.00012999,0.00012223,0.00012164,BTC-EXCL,109,1396,17526.90098377
0.00022878,15.07642887,0.00022359,0.00023343,0.0002235,0.0002215,BTC-EXP,228,3184,66294.92802606
0.00243302,32.42449107,0.0024023,0.002598,0.00243398,0.0024,BTC-FCT,194,2598,13183.96651736
2.02e-06,2.88170437,2e-06,2.05e-06,2e-06,1.93e-06,BTC-FLDC,152,3667,1446219.32799282
1.179e-05,3.44513373,1.172e-05,1.25e-05,1.172e-05,1.131e-05,BTC-FLO,123,1214,287762.17437034
2.096e-05,9.74384917,2.095e-05,2.139e-05,2.096e-05,2e-05,BTC-FTC,257,1966,472177.77753258
0.00094703,0.4442081,0.00094011,0.00096469,0.00094011,0.00091201,BTC-GAM,58,560,478.61949465
0.00017457,25.49032149,0.00017003,0.00017751,0.00017346,0.00015832,BTC-GAME,159,3346,152401.36208444
8.31e-06,0.57164862,8.21e-06,8.4e-06,8.25e-06,8.06e-06,BTC-GBG,61,1817,69480.36517924
0.02649581,12.42686531,0.02618803,0.02707614,0.02618803,0.02600101,BTC-GBYTE,181,1676,473.89538325
0.00022551,4.28999162,0.00022109,0.000231,0.00022588,0.00021222,BTC-GEO,93,2081,19578.50046787
3.006e-05,10.39205624,2.955e-05,3.3e-05,2.985e-05,2.762e-05,BTC-GLD,412,1014,352094.40197127
0.01151247,32.50176255,0.01147609,0.0120885,0.01147609,0.01037,BTC-GNO,125,2091,2942.76683901
6.996e-05,49.02341032,6.939e-05,7.35e-05,6.997e-05,6.906e-05,BTC-GNT,707,4086,690464.6457118
8.28e-06,2.47161238,8.16e-06,8.4e-06,8.17e-06,8.1e-06,BTC-GOLOS,105,2071,297723.41500844
5.42e-06,1.53362139,5.34e-06,5.51e-06,5.35e-06,5.35e-06,BTC-GRC,141,2181,284122.55836844
0.00016392,345.20381824,0.00016266,0.00018421,0.00016265,0.00016064,BTC-GRS,572,1601,1987093.53561923
3.32e-05,79.45494883,3.276e-05,3.518e-05,3.3e-05,3.235e-05,BTC-GUP,224,3541,2365258.67279714
1.877e-05,19.07944433,1.855e-05,1.925e-05,1.854e-05,1.762e-05,BTC-HMQ,182,3393,1022401.68356999
1.482e-05,27.92534655,1.475e-05,1.56e-05,1.475e-05,1.45e-05,BTC-IGNIS,532,4111,1884072.13610043
4.475e-05,7.56400099,4.415e-05,4.517e-05,4.415e-05,3.683e-05,BTC-INCNT,113,968,176717.93598065
0.00016064,4.96854437,0.00015888,0.000169,0.00015888,0.0001541,BTC-IOC,222,2466,31163.71531248
0.00025045,16.16815276,0.00024476,0.00026021,0.00024475,0.00024088,BTC-ION,153,1812,64696.61447372
0.000214,10.78100509,0.00021189,0.000217,0.0002119,0.00020299,BTC-IOP,135,4241,51196.48548571
0.00038069,68.6846491,0.00038001,0.00039224,0.00038099,0.00035571,BTC-KMD,598,3583,183305.19497618
0.00037295,7.38033206,0.00036465,0.000389,0.00037288,0.0003622,BTC-KORE,155,1202,19757.2566545
2.977e-05,41.48769594,2.965e-05,3.068e-05,2.965e-05,2.713e-05,BTC-LBC,290,5516,1429816.43869317
6.578e-05,2.64672219,6.577e-05,6.682e-05,6.578e-05,6.189e-05,BTC-LGD,99,1796,41524.47755314
6.96e-06,10.15086462,6.85e-06,7.61e-06,6.85e-06,6.73e-06,BTC-LMC,169,2863,1415336.8982499
8.09e-05,83.49105217,7.979e-05,8.15e-05,7.978e-05,7.338e-05,BTC-LRC,95,693,1089579.67769591
0.00127141,93.58278346,0.00126837,0.00130543,0.00126837,0.00126,BTC-LSK,536,4547,73237.77276074
0.016535,385.73117177,0.01648,0.01724299,0.016535,0.01636093,BTC-LTC,1345,4140,22895.63294862
0.002,177.30861289,0.001984,0.00224221,0.002,0.0019524,BTC-LUN,555,1427,83889.63700349
1.589e-05,53.88523849,1.58e-05,1.744e-05,1.58e-05,1.532e-05,BTC-MANA,415,2599,3322261.57190259
0.00124935,152.39346568,0.00124309,0.00135417,0.00124935,0.00122378,BTC-MCO,433,3989,118798.97384905
2.741e-05,8.35935897,2.704e-05,2.839e-05,2.704e-05,2.63e-05,BTC-MEME,146,2497,307699.96083341
2.69e-05,6.95658745,2.629e-05,2.766e-05,2.694e-05,2.607e-05,BTC-MER,97,1232,259077.81649271
0.00797937,7.47992103,0.00747732,0.008,0.00745388,0.00664405,BTC-MLN,86,713,993.16787605
0.00047595,38.45887561,0.00047165,0.00048548,0.00047628,0.00045322,BTC-MONA,279,2353,82100.75183779
1.391e-05,15.55712262,1.38e-05,1.4e-05,1.38e-05,1.32e-05,BTC-MUE,237,3601,1136125.2552551
1.72e-06,16.56895469,1.71e-06,1.85e-06,1.71e-06,1.7e-06,BTC-MUSIC,326,5026,9290735.93280558
0.0001262,22.51656759,0.00012503,0.00013236,0.00012501,0.00012321,BTC-NAV,253,2469,175279.8927907
5.487e-05,14.54683846,5.434e-05,5.495e-05,5.491e-05,5.16e-05,BTC-NBT,139,2496,271753.82020759
0.0076892,170.48220653,0.00766,0.0079,0.00766,0.00757483,BTC-NEO,2351,6409,22088.7098976
0.00033897,2.81602616,0.00033004,0.00035201,0.00033069,0.00033001,BTC-NEOS,148,1408,8261.19967339
1.149e-05,7.76248022,1.141e-05,1.183e-05,1.137e-05,1.056e-05,BTC-NLG,179,1727,690741.50534447
0.00148955,11.11327973,0.001471,0.00154372,0.001471,0.00145,BTC-NMR,194,2755,7543.24420317
1.796e-05,0.99718358,1.765e-05,1.842e-05,1.743e-05,1.716e-05,BTC-NXC,60,1851,56261.8970168
0.00023542,44.56196192,0.00023223,0.00024355,0.00023239,0.00023069,BTC-NXS,406,3645,189304.72442682
2.055e-05,67.04622418,2.047e-05,2.102e-05,2.046e-05,1.992e-05,BTC-NXT,456,8295,3252448.74483843
1.812e-05,15.66031535,1.781e-05,1.891e-05,1.812e-05,1.746e-05,BTC-OK,278,5413,855051.11997068
0.001625,117.62073147,0.00161493,0.0016658,0.0016198,0.0016,BTC-OMG,1075,5241,72038.86476143
0.00418359,2.18669617,0.00410211,0.00423585,0.00410426,0.0040003,BTC-OMNI,182,1942,534.12481463
0.00162336,214.8938503,0.00161274,0.00180341,0.00161804,0.00158,BTC-PART,247,1514,128931.78717803
0.00014897,107.67953142,0.00014895,0.0001585,0.00014895,0.00014039,BTC-PAY,416,6835,713861.55056972
2.83e-06,3.0313049,2.77e-06,2.9e-06,2.83e-06,2.7e-06,BTC-PINK,180,2072,1084349.30862624
0.00061809,47.09628285,0.00061562,0.00063836,0.00061282,0.00061101,BTC-PIVX,678,2576,75210.457949
0.0001195,863.68390754,0.0001188,0.00013549,0.0001195,0.00011588,BTC-POLY,1087,1480,6718557.86729977
1.273e-05,6.40703994,1.261e-05,1.298e-05,1.277e-05,1.242e-05,BTC-POT,261,5563,499935.09891988
5.66e-05,170.79828178,5.629e-05,5.95e-05,5.66e-05,5.1e-05,BTC-POWR,1149,4327,3066313.11222126
0.0003365,10.52933102,0.0003316,0.0003488,0.0003316,0.0003113,BTC-PPC,252,1294,31479.35332502
0.00016649,42.86010219,0.00016398,0.00018219,0.00016706,0.00016345,BTC-PRO,170,1377,249627.37858999
4.47e-06,1.73821095,4.42e-06,4.73e-06,4.46e-06,4.25e-06,BTC-PTC,81,1183,401032.2530054
1.871e-05,6.21219607,1.864e-05,1.945e-05,1.864e-05,1.794e-05,BTC-PTOY,208,3088,331539.03110814
0.00012576,13.02616987,0.00012382,0.00013101,0.00012268,0.00012015,BTC-QRL,156,1726,103608.25625317
0.0020402,117.00657058,0.00203091,0.00213527,0.0020309,0.00201,BTC-QTUM,471,4162,56528.2562176
1.09e-05,3.52795174,1.07e-05,1.135e-05,1.087e-05,1.028e-05,BTC-QWARK,113,2185,329657.331472
0.00059938,2.03007543,0.00059153,0.000604,0.00060121,0.0005806,BTC-RADS,98,1605,3413.39967215
6.17e-05,1.82855569,6.047e-05,6.293e-05,6.171e-05,6.011e-05,BTC-RBY,92,1175,30001.38290864
1.461e-05,62.52506724,1.45e-05,1.6e-05,1.461e-05,1.439e-05,BTC-RCN,177,2348,4107997.99357574
1.01e-06,1047.26010061,1e-06,1.08e-06,1e-06,9.8e-07,BTC-RDD,2814,12101,1019252030.8489594
0.00633667,559.09854463,0.00633666,0.0069306,0.00633667,0.00594666,BTC-REP,379,1307,86115.81554292
0.00020936,78.44454555,0.00020896,0.000235,0.00020883,0.0002043,BTC-RLC,266,1081,363079.71494407
9e-06,23.01555467,8.87e-06,9.19e-06,8.86e-06,8.65e-06,BTC-RVR,195,3147,2582846.99563972
0.00039091,117.00617667,0.00038807,0.0004174,0.00038807,0.000385,BTC-SALT,456,3854,292285.10905986
0.0002932,44.7253613,0.00028903,0.00032482,0.00028983,0.00028288,BTC-SBD,170,1949,147337.2703523
2.37e-06,254.3192283,2.36e-06,2.48e-06,2.37e-06,2.33e-06,BTC-SC,1631,23472,106048060.18206215
1.901e-05,1.80179937,1.872e-05,1.926e-05,1.857e-05,1.85e-05,BTC-SEQ,121,1155,94813.160113
0.00026527,7.6865815,0.0002602,0.00027652,0.00026554,0.00025202,BTC-SHIFT,187,1471,29254.18061668
0.00011571,6.5784238,0.0001148,0.00012007,0.00011743,0.00011185,BTC-SIB,145,2966,56987.19522261
4.209e-05,1.43122602,4.148e-05,4.242e-05,4.148e-05,4.091e-05,BTC-SLR,161,2129,34550.5981316
0.00558516,22.00566224,0.00553516,0.00564418,0.00558999,0.00541543,BTC-SLS,278,2095,3979.92794684
4.048e-05,5.12028447,3.897e-05,4.48e-05,3.888e-05,3.526e-05,BTC-SNRG,49,504,132624.6719068
1.436e-05,34.77929402,1.423e-05,1.469e-05,1.433e-05,1.389e-05,BTC-SNT,217,2906,2419465.89157601
0.00030969,4.45947561,0.00030446,0.00031559,0.00031,0.00029827,BTC-SPHR,73,1550,14542.09849221
4.727e-05,5.12092697,4.659e-05,4.971e-05,4.727e-05,4.579e-05,BTC-SPR,177,2581,107835.65831563
5.045e-05,3685.79948467,5.03e-05,5.508e-05,5.03e-05,4.816e-05,BTC-SRN,557,4384,71468952.01137412
0.00035368,128.82172092,0.0003534,0.00037399,0.00035368,0.00034999,BTC-STEEM,493,3622,353911.01952658
0.00010914,30.04178578,0.00010913,0.00011374,0.00010913,0.00010691,BTC-STORJ,241,2698,270488.73722152
0.00072403,115.83446947,0.00072315,0.000737,0.00072403,0.00071621,BTC-STRAT,1302,8435,158951.77631978
8.323e-05,0.6326982,8.3e-05,8.8e-05,8.201e-05,8.08e-05,BTC-SWIFT,59,862,7612.923934
0.00016448,7.88600595,0.00016304,0.00016867,0.00016308,0.00015157,BTC-SWT,106,2170,48648.81419957
4.78e-05,41.00878808,4.718e-05,5.089e-05,4.78e-05,4.6e-05,BTC-SYNX,163,1092,858191.43224459
4.587e-05,58.52264238,4.553e-05,4.84e-05,4.553e-05,4.512e-05,BTC-SYS,721,4252,1266431.71305692
1.17e-05,12.77984489,1.162e-05,1.232e-05,1.162e-05,1.146e-05,BTC-THC,320,3838,1075789.88171886
6.132e-05,10.59550818,6.04e-05,6.364e-05,6.04e-05,5.758e-05,BTC-TIX,158,1300,173334.14962261
0.0002192,0.61543839,0.00021751,0.00021996,0.00021751,0.0002155,BTC-TKS,52,1189,2837.65789313
2.387e-05,14.86152955,2.355e-05,2.577e-05,2.355e-05,2.299e-05,BTC-TRST,173,3092,621546.68723773
9.29e-06,0.98797561,9.24e-06,9.26e-06,9.24e-06,8.89e-06,BTC-TRUST,71,1135,108537.03357112
8.09e-06,498.78802557,8.07e-06,8.35e-06,8.07e-06,8.02e-06,BTC-TRX,2275,8553,60964612.70780741
0.0001171,30.37416677,0.00011621,0.00011794,0.00011704,0.00011259,BTC-TUSD,159,411,264749.75491154
0.00012877,10.23520784,0.00012584,0.00013806,0.00012877,0.00012576,BTC-TX,124,1889,76449.05601426
0.0002201,11.67117279,0.00022001,0.00022486,0.0002201,0.00022,BTC-UBQ,514,3990,52516.65385812
2.514e-05,77.97998799,2.475e-05,2.78e-05,2.513e-05,2.209e-05,BTC-UKG,171,2687,3032968.41096998
8.401e-05,8.06625271,8.385e-05,8.666e-05,8.385e-05,7.9e-05,BTC-UNB,84,1003,96440.81426987
1.797e-05,22.3310851,1.765e-05,1.89e-05,1.788e-05,1.64e-05,BTC-UP,111,1443,1267296.20382188
4.68e-06,14.88091808,4.67e-06,4.84e-06,4.68e-06,4.53e-06,BTC-VEE,120,2653,3202500.08102726
0.00026337,51.64111652,0.00026029,0.0002849,0.00026346,0.00024002,BTC-VIA,216,1772,199067.42090344
2.648e-05,735.6105729,2.64e-05,2.746e-05,2.64e-05,2.158e-05,BTC-VIB,247,1286,29705388.92247467
6.549e-05,3.11479777,6.502e-05,6.6e-05,6.549e-05,6.3e-05,BTC-VRC,129,2179,48841.42267903
0.00029924,1.741189,0.0002985,0.00030494,0.0002985,0.000285,BTC-VRM,55,1078,5941.80844391
0.00029647,310.5657942,0.00029602,0.00032101,0.00029595,0.000275,BTC-VTC,809,5011,1057648.40033165
4.483e-05,7.96263174,4.396e-05,4.889e-05,4.362e-05,3.989e-05,BTC-VTR,90,668,180011.82109864
0.00075865,227.34622098,0.00075389,0.00078005,0.00075865,0.00074,BTC-WAVES,1554,5356,297558.48180685
3.512e-05,159.35277963,3.5e-05,3.54e-05,3.5e-05,3.105e-05,BTC-WAX,283,2075,4720093.0162566
5.832e-05,8.93794913,5.801e-05,6.077e-05,5.8e-05,5.755e-05,BTC-WINGS,149,2417,151135.65900515
0.00187137,23.4607834,0.00185139,0.00199999,0.00187137,0.00175,BTC-XCP,275,3235,12539.29823536
1.58e-06,63.14880172,1.57e-06,1.63e-06,1.57e-06,1.54e-06,BTC-XDN,528,4111,39653669.91953395
3.549e-05,16.34336451,3.493e-05,3.693e-05,3.492e-05,3.01e-05,BTC-XEL,217,2872,472567.45068028
4.109e-05,194.41772782,4.102e-05,4.421e-05,4.102e-05,4e-05,BTC-XEM,1493,7738,4644173.21997796
4.161e-05,243.86378391,4.158e-05,4.334e-05,4.158e-05,4.083e-05,BTC-XLM,2062,7575,5814715.44208351
3.758e-05,1.26707004,3.757e-05,3.794e-05,3.757e-05,3.55e-05,BTC-XMG,118,1079,34247.84361593
0.02409849,158.93564499,0.02400212,0.0251,0.02409849,0.02395149,BTC-XMR,1372,4737,6496.06574096
9.8e-07,6.11041355,9.7e-07,1.01e-06,9.7e-07,9.4e-07,BTC-XMY,215,2034,6272952.77461131
8.35e-05,414.50411486,8.34e-05,8.564e-05,8.35e-05,8.277e-05,BTC-XRP,2122,14025,4931865.2929849
3.663e-05,1.13625929,3.622e-05,3.736e-05,3.622e-05,3.484e-05,BTC-XST,76,753,31994.73191919
0,1.69986018,0,4.47e-05,4.153e-05,4.153e-05,BTC-XVC,86,2056,39596.75969367
6.78e-06,640.34390254,6.77e-06,7e-06,6.77e-06,6.7e-06,BTC-XVG,2777,26654,93302879.64408533
8e-06,15.76952716,7.91e-06,8.1e-06,8e-06,7e-06,BTC-XWC,217,1479,2052212.36649859
0.0046926,93.34543049,0.00461942,0.005,0.00461939,0.00440544,BTC-XZC,222,1780,19946.47240868
0.00183001,196.62046145,0.001828,0.00194999,0.001828,0.00176,BTC-ZCL,1359,10014,106484.45973561
0.04216501,1899.59915891,0.04216,0.04472566,0.04216501,0.0348,BTC-ZEC,1041,3754,47853.02030652
0.00357505,44.38822045,0.003568,0.00379999,0.00357506,0.00356777,BTC-ZEN,465,2610,12138.69874897
0.00017488,294.21051413,0.00017439,0.00019227,0.00017488,0.0001725,BTC-ZRX,637,1281,1630263.2002031
0.00036591,706.37863816,0.00036299,0.00037599,0.000363,0.000363,ETH-ADA,1352,2328,1915418.20812688
6.077e-05,8.05744997,6.004e-05,6.473e-05,5.918e-05,5.918e-05,ETH-ADT,20,190,132559.82123598
0.00121002,29.69373538,0.00118441,0.00124496,0.00121794,0.00117704,ETH-ADX,52,214,24472.59960888
0.00581675,45.92928165,0.00574251,0.00623,0.00571952,0.00563248,ETH-ANT,86,286,7809.62240721
0.00053305,59.91788111,0.00052753,0.00056578,0.00052814,0.00052814,ETH-BAT,195,380,108972.32544013
1.93,681.93284667,1.92000001,2.03369803,1.92192001,1.92,ETH-BCC,448,518,351.37971076
0.00063772,2.12876556,0.00062625,0.00065092,0.00063786,0.000625,ETH-BCPT,13,84,3332.93958172
0.00093412,40.63793827,0.00090753,0.00099087,0.0009095,0.00090549,ETH-BLT,15,86,44228.81552169
0.00669156,13.80606249,0.00656649,0.00669544,0.00669491,0.0066,ETH-BNT,63,153,2074.94158628
0.08351632,81.12779324,0.08298198,0.08846422,0.0825848,0.07954792,ETH-BTG,36,319,984.67056318
0.00010862,2.52029392,0.00010602,0.0001108,0.00010802,0.00010693,ETH-CFI,27,273,22944.25985335
0.00027702,0.94910689,0.00026216,0.00027898,0.00027708,0.00026621,ETH-CRB,15,167,3432.68729993
0.00052222,40.34227764,0.00052024,0.00057946,0.00052029,0.00052029,ETH-CVC,467,642,74075.55392093
0.5972197,66.38589574,0.59068429,0.61590131,0.58956455,0.58212723,ETH-DASH,159,333,111.81995382
5.838e-05,92.95966522,5.735e-05,6.051e-05,5.733e-05,5.7e-05,ETH-DGB,105,324,1572854.52158269
0.00064435,96.87948379,0.00062824,0.0007563,0.00064435,0.0005329,ETH-DMT,22,163,149330.41386007
0.00012281,28.95581925,0.00012239,0.00012776,0.00012281,0.00012239,ETH-DNT,83,222,229940.34817174
0.00406931,91.01076007,0.0040129,0.00435,0.00403395,0.00400552,ETH-ENG,91,81,21653.38681741
0.02650675,298.88390993,0.02616231,0.027,0.02623462,0.02511514,ETH-ETC,127,474,11551.34583256
0.02861399,22.03838693,0.0285,0.03147556,0.02861399,0.02860623,ETH-FCT,17,184,734.74510945
0.13614057,119.58650812,0.13604243,0.14467686,0.13607744,0.1232,ETH-GNO,47,184,916.93169447
0.00083617,65.29608721,0.00082683,0.000872,0.000826,0.000826,ETH-GNT,298,504,77380.73051778
0.00041457,30.8836038,0.00038915,0.00041926,0.000395,0.00038681,ETH-GUP,27,165,77820.66306968
0.00022618,12.3217499,0.00021911,0.00022685,0.00022684,0.00021173,ETH-HMQ,52,271,55609.98011682
0.00080557,2.23997703,0.0007764,0.00080133,0.00076808,0.00076702,ETH-LGD,27,109,2917.98598169
0.0010022,38.80089752,0.00094201,0.000964,0.000964,0.000872,ETH-LRC,45,83,42343.50267267
0.1966,261.19838616,0.1956617,0.20699998,0.19583004,0.19583004,ETH-LTC,476,761,1301.29448449
0.02367252,105.24089801,0.0235,0.02665833,0.0237,0.02340001,ETH-LUN,115,98,4155.97257107
0.00018877,39.44456168,0.00018648,0.00020492,0.000185,0.000185,ETH-MANA,101,193,204713.30356439
0.01492535,144.31613061,0.01472679,0.016087,0.01496539,0.01463545,ETH-MCO,64,381,9308.27034202
0.09073907,1994.74057078,0.09073001,0.12,0.09073907,0.09055653,ETH-NEO,938,852,20946.27929781
0.01768622,21.12719208,0.01710128,0.018,0.01710002,0.01710002,ETH-NMR,36,209,1189.68396932
0.019311,266.65298047,0.01913256,0.0199,0.0193504,0.01913899,ETH-OMG,420,835,13623.34168277
0.00178709,137.01040768,0.0017545,0.0018796,0.00173649,0.00168082,ETH-PAY,44,689,75180.45213089
0.00141982,940.28609678,0.00140081,0.00161614,0.00141998,0.00082548,ETH-POLY,271,258,628991.77976896
0.00067022,86.30951067,0.00066639,0.00069859,0.00066357,0.00061,ETH-POWR,962,584,131157.11423419
0.00200748,20.07511994,0.00194074,0.00215884,0.00197349,0.00197349,ETH-PRO,32,80,9921.3748037
0.00022727,3.48369838,0.00022046,0.00023098,0.00022459,0.00021586,ETH-PTOY,21,329,15585.00111371
0.00150181,24.03312525,0.00145924,0.00166135,0.00143914,0.00143914,ETH-QRL,34,189,15904.02168536
0.0242,99.30394263,0.02390004,0.02559356,0.0239,0.0239,ETH-QTUM,278,540,3998.54620436
0.00017539,10.58783165,0.00017327,0.00018866,0.0001731,0.0001731,ETH-RCN,35,163,58846.60200919
0.0757695,773.57586605,0.07497812,0.08278966,0.07514514,0.07061466,ETH-REP,163,92,10068.36276544
0.00249016,145.91803186,0.00247729,0.00279989,0.00246722,0.00239151,ETH-RLC,46,76,57043.1540801
0.00468631,142.15732068,0.00463556,0.00499895,0.00468799,0.00459171,ETH-SALT,90,229,29795.33625465
2.813e-05,114.06241758,2.794e-05,2.93e-05,2.812e-05,2.784e-05,ETH-SC,245,936,3984569.02935736
0.00017197,52.11734505,0.00016882,0.00017533,0.00016903,0.00016899,ETH-SNT,209,438,303200.90820411
0.00060411,100.32327088,0.000597,0.00065799,0.000597,0.00057552,ETH-SRN,315,299,162461.92211811
0.00130548,17.1390887,0.00128961,0.0013574,0.00129377,0.00129377,ETH-STORJ,49,187,12966.45897808
0.00861779,63.37661368,0.00856679,0.00881412,0.0085646,0.00850541,ETH-STRAT,537,692,7302.15985726
0.00073477,18.98986738,0.00071225,0.0007943,0.00067701,0.00067701,ETH-TIX,20,123,26986.32300402
0.00030422,23.27644579,0.00028002,0.00031062,0.00028233,0.00027004,ETH-TRST,29,172,82887.33221066
9.622e-05,644.60470554,9.584e-05,0.00010011,9.597e-05,9.551e-05,ETH-TRX,774,568,6577581.94940032
0.00139459,85.72475287,0.00137808,0.00140232,0.00140232,0.00135,ETH-TUSD,55,102,62669.10361139
0.00032029,52.25657709,0.00029161,0.00032887,0.00032499,0.00025624,ETH-UKG,23,138,169637.0811503
0.00021665,6.68570032,0.00020687,0.00022043,0.00020229,0.00019004,ETH-UP,16,150,32315.38582598
5.66e-05,30.05934967,5.56e-05,5.773e-05,5.567e-05,5.434e-05,ETH-VEE,69,261,533833.9297125
0.000315,103.31509184,0.00030978,0.00033067,0.00031499,0.00025954,ETH-VIB,32,102,351033.26659106
0.0089618,70.6393509,0.00894601,0.00931906,0.0089618,0.00867001,ETH-WAVES,406,364,7718.53936601
0.000415,217.92221178,0.00040984,0.00042202,0.00040932,0.0003741,ETH-WAX,35,213,534744.00948492
0.00069406,38.15267643,0.00068485,0.00073265,0.00069088,0.00069088,ETH-WINGS,24,159,52880.74578231
0.00048499,124.79439305,0.000484,0.000519,0.00048499,0.000484,ETH-XEM,825,967,250388.46140006
0.000495,189.18057769,0.00049002,0.00051474,0.00049,0.00049,ETH-XLM,582,726,379278.75873584
0.28513755,48.96888723,0.28374455,0.29855436,0.28374455,0.28301494,ETH-XMR,475,648,168.8167703
0.00099793,2035.79520627,0.00099,0.00101399,0.00099793,0.00099001,ETH-XRP,452,898,2022710.4102888
0.50029929,1646.03136648,0.49444214,0.53386663,0.50029929,0.41600518,ETH-ZEC,166,296,3491.34645132
0.00208936,271.80730787,0.00207549,0.00231067,0.00209,0.00207549,ETH-ZRX,147,104,125595.20816285
0.26273511,1083673.11073907,0.26150011,0.276,0.26150011,0.25910001,USDT-ADA,887,2844,4029819.41698602
1378,1812265.21803964,1377.12,1496.51666667,1378,1361.0001,USDT-BCC,393,1038,1271.48078021
8533.1,13975624.3117696,8530.4000001,8880,8533.1,8450.5,USDT-BTC,2630,2683,1610.82009471
59.99939939,505788.05143852,59.51583,64.41408274,59.51582976,57.10049917,USDT-BTG,328,1585,8363.83425172
426,233859.4373771,423.34592006,455.07690225,425.31598524,416.907,USDT-DASH,126,564,534.67460938
18.9,930259.51724732,18.82,19.94,18.9,18.20200001,USDT-ETC,636,2069,48851.19933471
719,2753913.91153133,716.62,742.1,719,704.88272556,USDT-ETH,1161,1526,3784.83276063
141.47,1289940.87404276,140.6,152.999,141.47,138.60000001,USDT-LTC,340,1157,8791.27183511
65.63755459,576134.43505178,65.25,69.30351323,65.63755459,64.49,USDT-NEO,436,1732,8556.82201413
0.176,81538.36537941,0.17510099,0.18649143,0.176,0.17438975,USDT-NXT,116,766,451417.50667363
13.88934755,342788.88412419,13.8,14.65700077,13.9,13.62070996,USDT-OMG,358,1635,24091.84922195
0.02018994,199105.36402332,0.02010918,0.02136907,0.0199903,0.01953003,USDT-SC,243,1259,9679115.43734424
0.0691911,1204933.33748732,0.0688201,0.07388214,0.0690476,0.068,USDT-TRX,259,863,16849530.13866646
1.00299999,45465.65520042,0.99700001,1.00299999,1.00299999,0.997,USDT-TUSD,76,76,45476.10292976
205.16978999,631083.60017824,204.11,219,205.16978999,200.145,USDT-XMR,144,730,2941.94526872
0.7168,2545987.78393526,0.71499999,0.7707642,0.716,0.7,USDT-XRP,611,3162,3480975.73864627
0.058089,671954.80972861,0.05777197,0.06142006,0.058089,0.057,USDT-XVG,510,3033,11279473.37865422
359.5,5335193.08220684,359.49999999,394.99999999,359.49999999,302.503,USDT-ZEC,409,690,15846.14050336
