8.9e-07
9.7e-07
3.119e-05
4.88e-06
9.211e-05
0.00020457
2.87e-05
0.0005038
3.569e-05
0.000362
0.00011206
4.156e-05
6.48e-06
0.16279763
5.141e-05
4.066e-05
1.07e-06
3.902e-05
2.968e-05
0.00171636
9.099e-05
0.00052973
2.388e-05
0.00011096
7.49e-05
0.00679
3.02e-06
6.656e-05
5.72e-06
9.44e-06
0.00044876
0.00127072
8.4e-07
2.243e-05
0.00013259
3.718e-05
4.181e-05
0.04647998
0.01049996
0.00011031
4.69e-06
0.0007015
4.718e-05
1.034e-05
5.2e-07
4.7e-06
7.546e-05
0.00020894
4.285e-05
6.763e-05
1.838e-05
2.52e-05
0.00035837
2.679e-05
0.00027352
1.05e-05
4.956e-05
0.00213187
0.07967501
0.0001232
0.00022862
0.00251986
2.01e-06
1.187e-05
2.046e-05
0.00096354
0.00017457
8.1e-06
0.02593054
0.00021306
2.99e-05
0.01100742
7.066e-05
8.93e-06
5.48e-06
0.00011107
3.25e-05
1.758e-05
1.421e-05
3.945e-05
0.00017227
0.00024958
0.00020769
0.00034846
0.00033857
2.789e-05
7.072e-05
6.64e-06
7.763e-05
0.00122239
0.01625999
0.001762
1.482e-05
0.00104958
2.603e-05
2.512e-05
0.00677514
0.00046449
1.318e-05
1.61e-06
0.00012133
5.415e-05
0.00763003
0.00035337
1.104e-05
0.00145327
1.726e-05
0.00025568
2.087e-05
1.739e-05
0.00162982
0.00410463
0.00143559
0.00013773
3.07e-06
0.00061666
0.0001013
1.28e-05
4.74e-05
0.000301
0.00015181
4.42e-06
1.723e-05
0.0001269
0.00192431
1.135e-05
0.00056992
6.95e-05
1.421e-05
9e-07
0.00620754
0.00017858
8.31e-06
0.00033506
0.0002588
2.41e-06
1.85e-05
0.0002535
0.00011865
4.12e-05
0.00546749
4.048e-05
1.483e-05
0.00032104
4.545e-05
4.746e-05
0.00033001
0.00010582
0.00069425
8.406e-05
0.00014821
5.829e-05
4.644e-05
1.056e-05
5.503e-05
0.000234
2.45e-05
9.72e-06
7.83e-06
0.00011575
0.00012401
0.00022259
2.171e-05
7.772e-05
1.715e-05
4.72e-06
0.00022377
1.923e-05
6.416e-05
0.0002869
0.00024296
3.934e-05
0.00071633
3.091e-05
5.733e-05
0.00191135
1.64e-06
3.64e-05
3.78e-05
3.746e-05
3.564e-05
0.02388953
9.8e-07
8.098e-05
3.622e-05
0
7.03e-06
6.92e-06
0.0042983
0.00161484
0.028405
0.00360358
0.00020268
0.0003925
6.244e-05
0.00117299
0.00640318
0.000519
2.06518166
0.00064093
0.00115095
0.00665725
0.085933
0.00011951
0.00029052
0.000526
0.58499275
5.988e-05
0.00059913
0.00013126
0.00345241
0.02674492
0.03179702
0.13968422
0.00090133
0.00040603
0.00022607
0.00088213
0.00098129
0.20488999
0.02232279
0.00018699
0.01349746
0.0967103
0.01857133
0.02042554
0.00177722
0.00128994
0.00060192
0.00191
0.00022123
0.00164327
0.02429914
0.0001782
0.07946715
0.00225231
0.0043078
3.07e-05
0.00018842
0.00060845
0.00133582
0.00873996
0.00072237
0.00030598
9.877e-05
0.00146828
0.00027454
0.00021966
5.878e-05
0.00024325
0.00904327
0.00039915
0.0007467
0.000476
0.00047085
0.30345993
0.00102276
0.3584806
0.00256693
0.2682
1400
8625.2746
58.18711001
400.49799982
18.3
685.50399246
140.90399998
65.99999982
0.17762332
14.026375
0.02071597
0.06808198
0.99800001
207
0.6994
0.0605
245.13399988
