2.5890818
4.01087879
1804.7097366
62.22983836
57.88189661
23.83455453
39.01335441
47.2340491
112.06664993
132.10331426
3.38443534
172.53314647
74.9360409
1242.68691873
23.35642803
1.45586191
115.53098795
26.24889485
10.00286096
23.25403659
648.9963416
41.44083764
0.85270061
0.82498603
9.87765119
221.57204003
48.05426975
1.74976394
5.58619721
25.02464611
4.18029588
35.98997688
5.69796994
2.33409997
4.20257873
5.58920541
89.9186407
455.87945108
475.81095088
44.94762706
606.10785426
4.53644313
15.48807202
65.85724466
313.85652544
22.79827433
3.83667867
9.7523943
222.17562256
83.68730698
3.72688963
0.71982948
16.21901084
163.97315968
72.06626285
1.08772462
0.38101438
492.91509803
1258.04469619
4.4626746
24.29355354
35.35211247
8.21523798
5.95695063
32.80443522
0.20751107
25.49032149
1.25808349
24.5951423
3.2033695
4.61252391
20.5978427
433.92703993
4.60593339
5.25710926
310.46528066
100.62901402
14.22296325
118.88530421
0.70991716
6.32825543
22.26069843
63.17307001
106.6878117
4.93490346
55.51946072
10.81497014
8.16020195
44.45793297
292.98354916
408.2183357
264.20674551
79.98412315
112.46622404
14.40117456
22.46589712
1.70762991
37.88128833
21.38347525
8.84413751
21.55172184
25.60987856
429.98938234
4.87472321
11.82536436
25.86223821
1.15389269
71.97140314
151.08065837
20.71546727
212.3674454
5.33716132
122.86663746
84.91218642
11.36608797
418.02889413
718.87793141
8.96403557
166.21097876
8.25116244
34.5959299
1.2733126
17.23235763
24.79898334
261.40669144
6.04702563
10.91611126
35.28435449
62.82521051
1901.51290452
3376.18886796
48.43606648
51.50922218
106.25613879
52.91176987
996.09077103
4.60503954
106.51379678
7.73754094
3.55995608
46.98068172
5.12028447
256.32358238
8.74259449
5.11144949
1481.35706946
256.12346397
124.74374714
390.21360599
3.28290669
7.09257229
38.93880327
267.38737678
13.91630706
49.14561138
2.78672293
12.80409697
0.99456372
1810.61184054
130.4380937
17.44036985
23.8542234
31.58222141
9.61613424
41.58728942
82.46076502
23.53308092
65.27530033
12.56101745
2.52595723
172.66588197
0.99051763
245.3559662
175.32503773
24.49924662
13.98642252
281.07505511
13.26289194
257.2655136
559.72426322
4.23094947
281.79018995
9.4174015
1195.74597432
1.57289283
1.69986018
2278.69886283
3.93832882
31.31030925
450.16473528
170.69490618
71.97661207
690.6001141
2953.18818918
54.61005303
32.78931889
77.11683806
78.45215159
1282.70333753
18.5931786
590.7830349
48.09759443
184.52129421
16.9120078
1.36718455
60.48384221
347.59052082
145.79146542
26.28658063
33.13816819
42.99399399
660.99185589
53.26050347
53.78857681
742.33773349
54.60200317
12.71088961
11.03639306
32.12494104
1028.28815741
115.0476323
43.51877931
255.02919679
922.71003998
23.52201986
542.5045086
36.66288924
379.0706427
121.64810498
36.57620404
11.69589913
68.96262254
427.90228651
21.50730956
2772.89645011
17.59135658
83.85516904
494.13111739
326.96604388
277.48940862
153.27261751
115.51381396
51.28895605
14.22519527
3622.85749112
70.44251121
34.88417562
20.46195674
166.96627832
20.4493039
103.54583323
101.27312055
14.20598601
150.59466769
667.17383724
446.21867667
1414.69478608
300.63731891
404.94344818
6717445.95971217
6331744.78201734
40523160.27415336
831465.1158356
873445.81990571
2343286.28670489
11132778.98360296
2109829.34993197
2369198.04475815
303565.58170376
1308614.90526281
912398.6866242
2953445.51578863
81903.18184581
664139.31715619
6828316.10079485
2678112.61423527
562947.92215476
