8.7e-07
9.6e-07
3.118e-05
4.82e-06
9.117e-05
0.0002011
2.848e-05
0.00050352
3.513e-05
0.00036195
0.00011061
4.113e-05
6.41e-06
0.16206
5.075e-05
3.975e-05
1.06e-06
3.743e-05
2.936e-05
0.001716
9.004e-05
0.00052259
2.295e-05
0.00011
7.402e-05
0.00678
3e-06
6.609e-05
5.63e-06
9.32e-06
0.00043921
0.00126001
8.3e-07
2.194e-05
0.00013014
3.63e-05
4.114e-05
0.04638244
0.01035005
0.0001085
4.68e-06
0.0007006
4.605e-05
1.027e-05
5.1e-07
4.67e-06
7.276e-05
0.00020497
4.251e-05
6.704e-05
1.804e-05
2.476e-05
0.00035295
2.65e-05
0.00027351
1.027e-05
4.929e-05
0.00211778
0.07954193
0.000122
0.00022556
0.002518
2e-06
1.159e-05
2.005e-05
0.000956
0.00017003
8.06e-06
0.02588888
0.00020795
2.875e-05
0.0109127
7.054e-05
8.59e-06
5.39e-06
0.00011009
3.226e-05
1.738e-05
1.405e-05
3.854e-05
0.00017065
0.00024501
0.00020427
0.00034587
0.000335
2.754e-05
7.05e-05
6.56e-06
7.743e-05
0.00122002
0.01617
0.00175
1.481e-05
0.00104527
2.584e-05
2.511e-05
0.00666571
0.00046434
1.3e-05
1.6e-06
0.00011957
5.383e-05
0.00762212
0.00034503
1.097e-05
0.00143607
1.711e-05
0.00024823
2.053e-05
1.701e-05
0.00161372
0.0041
0.0014299
0.000136
3.01e-06
0.00061395
0.00010128
1.268e-05
4.715e-05
0.00029706
0.00015166
4.33e-06
1.697e-05
0.00012478
0.0019116
1.105e-05
0.0005697
6.85e-05
1.405e-05
8.9e-07
0.00616643
0.00017555
8.28e-06
0.00033113
0.00025752
2.4e-06
1.832e-05
0.00025202
0.00011748
4.114e-05
0.00542054
3.897e-05
1.477e-05
0.00031542
4.524e-05
4.745e-05
0.000328
0.00010515
0.00069217
8.262e-05
0.00014616
5.69e-05
4.576e-05
1.041e-05
5.408e-05
0.000232
2.422e-05
9.55e-06
7.82e-06
0.00011502
0.00012328
0.00022224
2.149e-05
7.612e-05
1.687e-05
4.65e-06
0.000223
1.92e-05
6.401e-05
0.00028602
0.00024107
3.901e-05
0.00071254
3.072e-05
5.662e-05
0.00189657
1.61e-06
3.637e-05
3.76e-05
3.731e-05
3.431e-05
0.02385038
9.7e-07
8.08e-05
3.62e-05
0
7.02e-06
6.78e-06
0.00425183
0.001603
0.0283
0.00360001
0.00020249
0.000392
6.026e-05
0.00113921
0.00629
0.00051566
2.04111927
0.00063568
0.00111117
0.00656134
0.08415448
0.0001145
0.00027132
0.00051588
0.58407384
5.86e-05
0.00057291
0.00012816
0.00345
0.02660002
0.03052628
0.13654934
0.000886
0.00040199
0.0002128
0.00085528
0.00095802
0.20282114
0.02070001
0.0001851
0.01318292
0.09607789
0.01791063
0.02034911
0.00168133
0.00125239
0.00059315
0.0018796
0.00021127
0.00157001
0.024
0.00017553
0.07728884
0.0022092
0.00412796
3.008e-05
0.000186
0.000599
0.00131501
0.00865
0.00068002
0.00030045
9.809e-05
0.00144803
0.00026455
0.0002102
5.82e-05
0.00023847
0.00899349
0.00038628
0.0007106
0.000474
0.00046868
0.30250248
0.00101585
0.35470376
0.00251647
0.2677
1389.64000006
8590
57.87000032
397.03164691
18.18707461
680.93200004
139.00000042
65.5259223
0.17762315
13.90000055
0.02055001
0.06703297
0.99573919
205.31962355
0.69342231
0.06020005
243.21901408
