8.9e-07
9.7e-07
3.119e-05
4.82e-06
9.212e-05
0.00020113
2.873e-05
0.0005035
3.561e-05
0.000362
0.00011062
4.084e-05
6.48e-06
0.16206
5.119e-05
4.062e-05
1.06e-06
3.945e-05
2.942e-05
0.001716
9.101e-05
0.00052973
2.3e-05
0.00011096
7.402e-05
0.00679
3.02e-06
6.656e-05
5.85e-06
9.33e-06
0.00044884
0.00127278
8.3e-07
2.188e-05
0.00013016
3.718e-05
4.111e-05
0.04638244
0.01049997
0.00011031
4.68e-06
0.00070032
4.612e-05
1.028e-05
5.1e-07
4.7e-06
7.546e-05
0.00021052
4.252e-05
6.7e-05
1.804e-05
2.52e-05
0.00035902
2.668e-05
0.00027352
1.047e-05
4.957e-05
0.00213187
0.07964195
0.0001232
0.00022531
0.002518
2e-06
1.159e-05
2.065e-05
0.00096354
0.00017346
8.1e-06
0.02593054
0.00021315
2.992e-05
0.0110077
7.085e-05
8.94e-06
5.43e-06
0.00011109
3.252e-05
1.734e-05
1.405e-05
3.849e-05
0.00017006
0.00024463
0.00020405
0.00034846
0.00033857
2.754e-05
7.05e-05
6.56e-06
7.788e-05
0.00121
0.01625999
0.00175
1.481e-05
0.00104957
2.603e-05
2.511e-05
0.00666667
0.00046434
1.319e-05
1.61e-06
0.00012133
5.415e-05
0.00763003
0.00034513
1.097e-05
0.00145454
1.726e-05
0.00025003
2.079e-05
1.74e-05
0.00162981
0.00410463
0.00143275
0.000136
3.02e-06
0.00061666
0.00010129
1.267e-05
4.74e-05
0.00029664
0.00015166
4.33e-06
1.692e-05
0.00012686
0.00192428
1.131e-05
0.00056991
6.873e-05
1.404e-05
8.9e-07
0.00616616
0.00017871
8.31e-06
0.00033506
0.00025881
2.4e-06
1.849e-05
0.00025201
0.00011716
4.12e-05
0.00542054
3.888e-05
1.485e-05
0.00031537
4.542e-05
4.751e-05
0.00032963
0.00010515
0.00069425
8.42e-05
0.0001485
5.824e-05
4.643e-05
1.04e-05
5.423e-05
0.00023393
2.491e-05
9.58e-06
7.82e-06
0.00011505
0.00012226
0.00022258
2.141e-05
7.777e-05
1.687e-05
4.7e-06
0.00022379
1.918e-05
6.4e-05
0.0002869
0.00024297
3.9e-05
0.00071254
3.075e-05
5.643e-05
0.00191284
1.63e-06
3.638e-05
3.78e-05
3.734e-05
3.56e-05
0.02388953
9.9e-07
8.098e-05
3.622e-05
4.153e-05
7.03e-06
6.78e-06
0.0043
0.001603
0.0283
0.00360358
0.00020268
0.000392
6.198e-05
0.00115482
0.00640245
0.000519
2.05
0.00064093
0.00115142
0.00656014
0.085
0.00011815
0.00027416
0.00052497
0.58499275
5.884e-05
0.00059913
0.00012805
0.00345
0.02668504
0.03137473
0.13676684
0.00088601
0.00040604
0.0002089
0.00088213
0.00096724
0.20509958
0.02025804
0.00018588
0.01318009
0.09677822
0.01791521
0.02034911
0.00167361
0.00129
0.000601
0.00191
0.00020752
0.00157
0.02416726
0.0001756
0.07771621
0.00220208
0.00418626
3.068e-05
0.00018867
0.00060929
0.00133543
0.00852046
0.00068145
0.0003003
9.817e-05
0.00146389
0.00026877
0.00020238
5.8e-05
0.00024615
0.00905594
0.00040306
0.0007184
0.000476
0.00046868
0.30250248
0.00101585
0.35470201
0.00256852
0.2682
1389.64000003
8625.2746
58.18711001
396.47638547
18.3
680.93200004
140.98199999
65.99999999
0.17762332
14
0.02071597
0.06787624
0.99573919
205.31962462
0.6994
0.06002983
245.13199999
