8.5e-07
9.3e-07
2.902e-05
4.33e-06
8.65e-05
0.000198
2.485e-05
0.00047999
3.35e-05
0.0003137
0.00011
3.572e-05
6.21e-06
0.155
4.829e-05
3.975e-05
1e-06
2.934e-05
2.901e-05
0.00164
7.44e-05
0.00050283
2.287e-05
0.00011
7.401e-05
0.00639059
2.84e-06
6.608e-05
5.4e-06
9.05e-06
0.000425
0.00113321
7.8e-07
2.186e-05
0.00012802
3.55e-05
3.833e-05
0.0452123
0.00930001
9.823e-05
4.25e-06
0.00068
4.51e-05
9.75e-06
4.9e-07
4.31e-06
7e-05
0.00019718
3.9e-05
6e-05
1.742e-05
2.457e-05
0.0003504
2.43e-05
0.000255
1.012e-05
4.929e-05
0.00196156
0.0783002
0.00012
0.00021
0.0024
1.85e-06
1.158e-05
1.8e-05
0.000956
0.00015832
7.99e-06
0.02501
0.0002066
2.813e-05
0.01053452
6.501e-05
8.29e-06
5.29e-06
9.474e-05
2.791e-05
1.701e-05
1.301e-05
3.671e-05
0.00016245
0.00023033
0.00018701
0.00032423
0.000316
2.58e-05
6.653e-05
6.33e-06
7.137e-05
0.00113052
0.01605333
0.00157001
1.35e-05
0.00101772
2.433e-05
2.296e-05
0.00644735
0.00044849
1.276e-05
1.55e-06
0.00011537
5.071e-05
0.00710133
0.00032
1.029e-05
0.00132953
1.708e-05
0.00022539
1.939e-05
1.622e-05
0.00155
0.004
0.00136305
0.00013002
2.75e-06
0.000501
8.75e-05
1.212e-05
4.235e-05
0.000291
0.000148
4.24e-06
1.615e-05
0.000122
0.00180293
1.011e-05
0.000551
6.818e-05
1.26e-05
7.7e-07
0.00485023
0.00016498
7.4e-06
0.00031
0.00023776
2.14e-06
1.777e-05
0.00019999
0.00011136
4.091e-05
0.00497962
3.526e-05
1.361e-05
0.0002974
4.412e-05
4.487e-05
0.00029166
0.0001008
0.00065293
8.2e-05
0.00013387
4.995e-05
4.292e-05
1.01e-05
5.012e-05
0.00022941
2.278e-05
9.55e-06
7.32e-06
0.00010882
0.00011307
0.000215
1.994e-05
7.058e-05
1.432e-05
4.2e-06
0.00021796
1.843e-05
6.168e-05
0.00028527
0.00021409
3.9e-05
0.00067975
2.757e-05
5.236e-05
0.00186831
1.44e-06
3.55e-05
3.515e-05
3.446e-05
3.325e-05
0.02301
9.3e-07
7.477e-05
3.622e-05
4.153e-05
6.56e-06
6.78e-06
0.00408903
0.00132841
0.02775672
0.00359
0.00018
0.00036993
5.554e-05
0.00110078
0.00606659
0.00045604
1.96803
0.00058391
0.00097109
0.00632001
0.08131012
0.00011377
0.00026932
0.000483
0.5621797
5.401e-05
0.00054562
0.00012299
0.00322
0.02461938
0.0301
0.13225924
0.000821
0.00035622
0.00020846
0.0008363
0.00090366
0.19875694
0.01903045
0.00016713
0.01288804
0.09000001
0.01656602
0.0196868
0.0016298
0.0011
0.000541
0.00186105
0.00020213
0.00150218
0.02290001
0.00015755
0.05999371
0.00211
0.00397297
2.695e-05
0.000171
0.00056803
0.00125397
0.00822
0.00063108
0.00028029
9.25e-05
0.00135346
0.00025199
0.00017276
5.336e-05
0.00023309
0.0085
0.00034151
0.0006735
0.00044555
0.000436
0.28768323
0.00094679
0.34582265
0.00227002
0.24770001
1314.57805368
8470.01
54.44112391
384.84400001
17.00000003
667.000002
136.79000001
60.85
0.16500024
13.2
0.0180002
0.06287512
0.99573829
195.002
0.647
0.05670002
238.12764369
