95
168
3298
184
183
195
188
438
403
2663
89
473
188
1574
51
86
331
90
152
451
177
224
85
57
119
389
383
50
160
457
42
183
160
56
206
106
781
977
660
241
1290
110
102
235
1446
142
58
86
401
195
63
70
201
334
189
150
33
574
3976
88
193
173
117
137
215
54
159
68
158
68
277
114
844
91
149
320
185
145
495
69
248
117
112
438
85
246
122
127
76
454
1346
455
348
317
100
69
68
269
171
244
235
115
2210
127
135
144
56
496
384
217
1084
148
142
363
214
562
889
217
917
219
124
83
151
200
349
104
80
124
138
1918
397
183
155
320
136
1835
119
145
128
197
144
49
224
98
160
459
411
185
1217
56
74
84
691
246
134
55
180
47
2338
173
117
527
98
60
101
110
150
93
106
47
455
56
1338
203
127
243
580
195
1128
1632
107
1149
186
1978
84
86
2908
189
156
1197
299
537
649
1356
33
26
109
169
473
16
19
62
41
43
22
305
152
139
14
68
73
109
26
78
380
20
28
22
37
516
38
85
53
671
27
494
48
203
887
28
17
27
309
37
116
39
86
315
293
231
50
594
18
38
764
51
16
25
82
23
371
40
24
672
478
490
364
63
253
884
450
3128
262
134
497
1315
291
404
125
353
175
217
94
133
544
556
151
