1306
2412
17189
2902
4872
1907
5006
1576
4301
4381
1062
2963
4292
5185
1405
1726
2928
737
2361
2107
780
1092
1289
703
2096
5939
3795
869
3972
4143
1053
1718
2437
1813
1327
1321
4558
3994
1830
1938
11874
1731
1419
2711
14179
2512
1614
2059
4939
4777
1141
1492
2057
7191
1755
2107
924
7492
4290
1394
3278
2349
3626
1283
2022
522
3346
1826
1643
2183
1016
2132
5254
1972
2325
2194
3922
3337
4061
1140
2457
1868
4320
3493
1329
5789
1807
3146
695
4476
3963
1565
2456
4061
2513
1223
747
2319
3612
5023
2537
2472
6319
1398
1876
2656
1889
3571
8409
5496
5302
1973
1837
6830
2137
2904
1414
5900
5020
1294
1394
1221
3148
1791
3912
2246
1646
1133
2218
11579
1126
1281
3217
3823
1872
22938
1172
1456
2883
2158
2156
504
2877
1656
2591
4104
3536
2618
8541
859
2195
820
4204
3854
1269
1190
3122
1180
7751
511
1889
4006
2713
1044
1567
2504
1793
1793
2293
1045
5905
765
5441
2017
2514
3192
4285
2933
8497
7924
1092
4660
2146
14192
770
2056
25759
1801
1775
10024
4777
2607
834
2207
179
212
236
382
441
78
65
119
341
283
186
712
328
303
163
218
141
490
191
205
514
164
276
108
97
737
70
200
399
1051
208
822
694
186
805
83
327
211
547
152
91
80
247
907
390
263
208
682
118
186
496
101
155
150
231
151
336
192
186
1070
910
629
872
456
64
2612
889
2608
1571
595
1966
1467
1112
1727
765
1570
1114
853
85
717
3202
2967
809
