2964089.08450647
4129597.35889836
58668871.39112683
12369782.16420409
625974.8599872
109299.33484715
1434809.71958516
93195.37970531
3145769.3722653
393194.34513819
30647.41302188
4311264.92788345
11508510.70549014
7627.92417521
454087.03942422
36000.71639469
105875920.69390108
658679.66559163
329305.0723991
13534.54027241
5714834.70134966
78029.43608937
36397.24175119
6827.22588516
128722.58583648
32023.0732899
16256116.20840258
26224.69870166
1006342.85056549
2610503.68873572
9421.7484777
27670.57424133
6842886.09361292
102600.45338081
31483.02985175
143061.14595552
2197696.23333395
9545.06338909
48817.89087807
415794.67659173
131211987.04474254
6356.34814594
326104.62701499
6393889.84318973
613736239.605208
4695127.93207154
50649.01208894
48580.59988194
5063606.34230023
1283343.5113829
201300.61028498
27989.38779975
44468.37322193
6077599.80242209
258007.35260587
103680.02803596
7481.11311837
235742.94128091
15710.95206206
36505.13198765
110615.22325659
14119.92837499
4078162.47811205
498990.5754776
1675378.90959036
216.8050833
152401.36208444
142644.82625347
946.61571876
15131.75396647
153436.8355954
1846.58146499
6013466.64105813
546784.41440538
945583.53726742
2821170.77976576
3110195.10178647
812516.24350131
8487832.36163671
19148.69076239
36858.88759289
87939.1185608
314614.44310105
309328.58893793
14670.80733223
1947729.69970643
146971.878269
1251777.17355517
567679.76653945
244678.52438999
24979.04567243
142903.43417934
5457445.60944515
102007.98143302
538796.69526259
884080.33065256
252.45258909
80607.36433093
1615877.9843878
5492925.14470395
179743.84797729
464607.17165757
57546.96249901
14161.72252115
1094751.68686602
17635.69153459
64830.54947993
298019.27237099
7310918.31141101
1187017.89599951
130369.47119461
1302.2402207
83373.17864305
628106.26159275
3725551.3939337
699900.69083838
7501950.37311325
701207.58692751
3555537.67594713
27514.66467713
216712.43294419
289498.25396454
990030.38809829
198147.24127023
135675.38407591
552043.27716672
18296.5501615
440573.61848037
4596327.94741977
2152538508.7739577
432972.86674413
270056.7823372
6224316.06231621
317482.53164812
195950.93890266
421375773.8208242
256048.67628493
372046.64233917
66820.69691647
85047.9252272
8645.60910542
132624.6719068
17280721.5336573
28513.38414042
110850.25141374
29337330.56974087
771794.25381984
1140958.84250461
563765.64038951
37724.64470214
48652.75916705
694532.23873357
5727963.19002306
1311101.52305718
877264.18539767
11811.32965337
537935.44159824
101831.30820842
229670924.49703985
1142188.54961105
139825.62747435
105924.63438151
1466646.20860704
125213.63186028
2450291.12132416
17547699.00896092
103355.06846119
3249808.29990606
191828.92431732
8543.30577353
712576.95548683
24862.6020568
346464.86504623
5798154.92741268
435721.82636186
7157.16236246
169996950.9042307
355845.9229646
6915976.19540487
15151980.65394965
114967.43607617
11964.90923155
9661089.36892607
15019669.44601768
41487.30684234
39596.75969367
318387001.7290985
575319.98859948
7423.91859582
286316.43373651
6017.9091267
19145.22513774
3446535.91532104
7720750.87108915
860213.26857839
28053.73920876
12360.31263423
158802.56094494
634.42340802
28848.40836949
431999.08618665
7253.65330444
2167.23372043
144164.75823018
4760.9752337
118138.6058527
582.2360115
2509292.89371114
44272.72729328
258147.50391312
12592.39168304
25556.03566981
1682.81423696
389.82358709
831586.97027734
136882.23621944
59089.88420446
11740.04976445
32815.01901352
5056.62578021
4861.55053851
242808.61710613
19008.69214752
9910.78443351
1280.16516369
26617.61391247
21474.33388892
318128.56377857
207746.53482502
18423.46234069
52759.14388734
43975.80455259
17556.42967827
127663.99128823
27991.40670596
7780.26183832
19988.21263524
16612485.62288334
1773949.770965
458811.00533854
110809.66652648
13506.7260898
72080.19500617
47587.27906211
37114582.94441408
48638.70843699
131083.05869581
93364.74175555
2811437.96739964
85878.46236544
11838.77906994
268084.61101312
20058.40810518
324806.97457489
1445013.06786573
1519.94049754
1413872.89097404
848.85092093
162218.72688174
24786331.35737003
4421.14044505
4610.77272061
13799.35107625
2093.96514855
127761.87977259
15845.38334418
14674.30028518
35867.60665911
1676922.36949557
91136.64203645
43970125.97168784
42609802.1704134
82101.05350199
3210.84510091
9844787.47621209
42550892.92723314
2241.92485354
