1.09e-06
9.6e-07
3.063e-05
5.07e-06
0.00010168
0.00021091
2.906e-05
0.00048908
3.765e-05
0.00041119
0.00011164
4.44e-05
6.4e-06
0.16194015
5.31e-05
4.23e-05
1.04e-06
3.313e-05
3.174e-05
0.00196307
7.82e-05
0.00055836
2.263e-05
0.000118
7.615e-05
0.00698427
3.19e-06
6.475e-05
5.65e-06
9.1e-06
0.00046313
0.00144
1.02e-06
2.31e-05
0.00014945
3.735e-05
4.396e-05
0.04994843
0.01131
0.0001086
4.84e-06
0.0007491
5.495e-05
1.029e-05
5.4e-07
4.99e-06
8.642e-05
0.00020459
2.992e-05
6.952e-05
1.771e-05
2.45e-05
0.00043367
2.946e-05
0.00034
1.055e-05
4.822e-05
0.00221999
0.084329
0.0001253
0.00022878
0.00243302
2.02e-06
1.179e-05
2.096e-05
0.00094703
0.00017457
8.31e-06
0.02649581
0.00022551
3.006e-05
0.01151247
6.996e-05
8.28e-06
5.42e-06
0.00016392
3.32e-05
1.877e-05
1.482e-05
4.475e-05
0.00016064
0.00025045
0.000214
0.00038069
0.00037295
2.977e-05
6.578e-05
6.96e-06
8.09e-05
0.00127141
0.016535
0.002
1.589e-05
0.00124935
2.741e-05
2.69e-05
0.00797937
0.00047595
1.391e-05
1.72e-06
0.0001262
5.487e-05
0.0076892
0.00033897
1.149e-05
0.00148955
1.796e-05
0.00023542
2.055e-05
1.812e-05
0.001625
0.00418359
0.00162336
0.00014897
2.83e-06
0.00061809
0.0001195
1.273e-05
5.66e-05
0.0003365
0.00016649
4.47e-06
1.871e-05
0.00012576
0.0020402
1.09e-05
0.00059938
6.17e-05
1.461e-05
1.01e-06
0.00633667
0.00020936
9e-06
0.00039091
0.0002932
2.37e-06
1.901e-05
0.00026527
0.00011571
4.209e-05
0.00558516
4.048e-05
1.436e-05
0.00030969
4.727e-05
5.045e-05
0.00035368
0.00010914
0.00072403
8.323e-05
0.00016448
4.78e-05
4.587e-05
1.17e-05
6.132e-05
0.0002192
2.387e-05
9.29e-06
8.09e-06
0.0001171
0.00012877
0.0002201
2.514e-05
8.401e-05
1.797e-05
4.68e-06
0.00026337
2.648e-05
6.549e-05
0.00029924
0.00029647
4.483e-05
0.00075865
3.512e-05
5.832e-05
0.00187137
1.58e-06
3.549e-05
4.109e-05
4.161e-05
3.758e-05
0.02409849
9.8e-07
8.35e-05
3.663e-05
0
6.78e-06
8e-06
0.0046926
0.00183001
0.04216501
0.00357505
0.00017488
0.00036591
6.077e-05
0.00121002
0.00581675
0.00053305
1.93
0.00063772
0.00093412
0.00669156
0.08351632
0.00010862
0.00027702
0.00052222
0.5972197
5.838e-05
0.00064435
0.00012281
0.00406931
0.02650675
0.02861399
0.13614057
0.00083617
0.00041457
0.00022618
0.00080557
0.0010022
0.1966
0.02367252
0.00018877
0.01492535
0.09073907
0.01768622
0.019311
0.00178709
0.00141982
0.00067022
0.00200748
0.00022727
0.00150181
0.0242
0.00017539
0.0757695
0.00249016
0.00468631
2.813e-05
0.00017197
0.00060411
0.00130548
0.00861779
0.00073477
0.00030422
9.622e-05
0.00139459
0.00032029
0.00021665
5.66e-05
0.000315
0.0089618
0.000415
0.00069406
0.00048499
0.000495
0.28513755
0.00099793
0.50029929
0.00208936
0.26273511
1378
8533.1
59.99939939
426
18.9
719
141.47
65.63755459
0.176
13.88934755
0.02018994
0.0691911
1.00299999
205.16978999
0.7168
0.058089
359.5
