24.23510013
2.40130088
712.59577406
27.16559822
102.88251747
7.81079531
8.11546261
26.47277062
83.3334221
364.55937729
1.57921982
133.81278553
36.34423613
764.50689367
10.21069151
4.11676288
63.83049081
8.90294303
4.86761018
20.18972207
71.11678098
36.07739462
1.02896577
0.79142675
3.23389355
141.01053652
17.96441788
0.83274357
5.79959742
11.41835672
1.69149388
21.18618003
8.26775657
1.26618151
22.61255959
0.333561
171.17243493
412.61146774
253.14949254
78.21048905
325.42179337
4.7847114
13.88580721
52.51066535
234.45859436
4.46585838
3.4105872
9.24042691
155.7264302
29.52510369
1.42291431
0.86641864
31.57367547
219.34613425
125.99349579
1.11892719
0.47532839
164.06666502
1102.41172516
8.67546671
9.3812955
26.26065775
3.77481917
2.45784118
6.62141745
1.72849409
25.49032149
1.74744179
6.73928157
4.5201097
7.79381894
13.90533807
185.8620359
1.86469642
1.32332369
845.95248
60.23177218
19.23505331
34.56481435
3.51418307
6.05612859
18.62433058
14.99818483
93.73402662
54.4357283
24.7245144
2.92175691
6.11187387
77.40006083
165.42273743
421.17308167
1987.57830295
111.42150095
131.48202567
24.17072506
11.57003026
2.5632487
41.32474065
12.30380868
18.5928531
15.7716903
29.96583242
237.56563796
3.11993805
10.2767835
13.97842478
2.08321715
42.91212645
75.55304253
17.41327089
113.14012629
7.23107195
435.74456342
93.15724057
2.04058811
94.39059168
907.23742797
4.49597216
110.64984131
4.74227793
178.97926878
1.31770873
6.14016857
10.83686228
239.19705412
3.16978922
6.50106632
3.4627631
107.79654305
1660.64954997
399.28005399
152.97073156
18.20341332
101.4834635
65.17498897
371.93633126
3.09337307
8.97472581
3.28539224
1.30972369
35.44602885
5.12028447
74.17987012
49.8750497
5.89052756
487.42780632
198.90813193
101.77148729
135.49099688
1.63777062
7.90560523
70.76434749
88.34967524
12.35662273
47.85589262
1.99176427
4.90593547
1.32394473
668.96194797
37.70790188
14.36259683
19.88213008
17.44395931
4.92621844
20.44795674
13.40562764
16.36421702
134.52255302
4.06816763
2.15733103
145.58777477
1.56513245
219.50896899
126.28607751
17.4248141
27.69230436
80.66842924
15.49461779
566.37300675
374.97273484
0.75333898
232.04925561
6.78789751
675.41706177
1.07427922
1.69986018
835.29090115
3.47336912
72.51053971
433.77986764
1799.02554056
49.83076958
297.134854
972.107211
11.0835871
30.60574067
22.37420654
48.51067067
509.08076294
1.25461862
39.14460488
20.56174434
91.66958799
13.58689589
1.42264704
64.14354084
144.97700285
90.52073454
19.36506863
36.21834144
75.12881176
136.81371585
22.3667671
12.49367309
162.36970068
19.34419665
7.29278579
2.08375298
27.63050287
260.70988358
726.90208073
83.34838061
66.9601261
235.22914229
5.80700867
259.6953588
67.62215663
773.64564537
118.13600587
81.20892727
1.90942706
5.13186961
363.85849641
23.48032403
475.56473911
78.70616465
89.18361138
242.736271
38.94595079
75.15781837
49.86478094
16.72401748
22.30297132
10.82323035
931.32271692
49.15359015
41.18208814
23.37798849
18.11214641
25.27351958
111.77179166
93.43216363
37.7080816
195.36585403
163.48714682
93.1542211
1629.67633615
1125.39000712
174.83988647
3278836.29933531
3041117.34758125
18264887.9686658
421125.05875501
309786.48590864
780917.76690829
4339388.67857937
1621979.38468876
2658611.09756028
113375.46337676
504339.43182823
355345.29284137
2087271.7380687
90482.23739283
398131.22265217
2690413.020272
872905.08728583
3500841.60037136
