1.06e-06
9.5e-07
3.056e-05
5.05e-06
0.00010095
0.0002062
2.881e-05
0.00048568
3.7e-05
0.000408
0.00011111
4.437e-05
6.39e-06
0.16278012
5.335e-05
4.141e-05
1.02e-06
3.305e-05
3.193e-05
0.00198
7.66e-05
0.00055199
2.204e-05
0.0001145
7.492e-05
0.00701475
3.11e-06
6.368e-05
5.49e-06
9.27e-06
0.00045688
0.00143186
9.6e-07
2.262e-05
0.0001487
3.718e-05
4.379e-05
0.05025022
0.01126471
0.00011
4.79e-06
0.0007185
5.579e-05
1.031e-05
5.3e-07
4.89e-06
8.585e-05
0.00020004
2.958e-05
6.95e-05
1.727e-05
2.438e-05
0.00043078
2.903e-05
0.00034276
1.041e-05
4.763e-05
0.00219478
0.0851
0.00012247
0.00022534
0.00243381
2e-06
1.199e-05
2.073e-05
0.00094011
0.00017003
8.22e-06
0.02610477
0.0002215
3.378e-05
0.01127439
6.93e-05
7.95e-06
5.4e-06
0.00016202
3.3e-05
1.861e-05
1.463e-05
4.061e-05
0.00015402
0.00024724
0.00021193
0.00038086
0.0003862
2.9e-05
6.492e-05
6.84e-06
8.119e-05
0.00125839
0.01652359
0.00200427
1.581e-05
0.00129777
2.71e-05
2.612e-05
0.00761598
0.00047059
1.384e-05
1.71e-06
0.00012421
5.45e-05
0.0076436
0.00033509
1.144e-05
0.00149011
1.788e-05
0.00023574
2.031e-05
1.78e-05
0.00161053
0.00410201
0.00159126
0.00015203
2.76e-06
0.00061333
0.0001221
1.281e-05
5.844e-05
0.00033502
0.00016302
4.42e-06
1.865e-05
0.00012164
0.00202817
1.068e-05
0.00059101
6.047e-05
1.455e-05
1.01e-06
0.00656252
0.00021076
8.83e-06
0.00038701
0.00028508
2.35e-06
1.883e-05
0.00025776
0.00011294
4.148e-05
0.00553505
3.897e-05
1.423e-05
0.00030523
4.664e-05
5.225e-05
0.00035306
0.00010961
0.00072111
8.45e-05
0.0001635
4.727e-05
4.557e-05
1.164e-05
6.046e-05
0.00021751
2.36e-05
9.24e-06
8.1e-06
0.00011639
0.00012933
0.00022013
2.49e-05
8.216e-05
1.82e-05
4.81e-06
0.00026086
2.743e-05
6.549e-05
0.0002985
0.00029398
4.392e-05
0.0007542
3.501e-05
5.87e-05
0.00185658
1.58e-06
3.493e-05
4.078e-05
4.126e-05
3.601e-05
0.02412814
9.7e-07
8.317e-05
3.586e-05
0
6.75e-06
8e-06
0.00457251
0.00182508
0.0426
0.00357
0.00018105
0.00035943
5.917e-05
0.00117961
0.00578
0.00052316
1.91525
0.0006263
0.00090751
0.00655336
0.08233122
0.00010769
0.00026656
0.00051172
0.59043975
5.67e-05
0.00065052
0.00012117
0.00400402
0.02596563
0.02850377
0.13103108
0.000822
0.00038836
0.00021754
0.00075526
0.00095185
0.19451
0.0233041
0.00018654
0.01517959
0.0903
0.01724376
0.01900525
0.00178
0.00143015
0.0006829
0.00188666
0.00021642
0.00143914
0.0239239
0.00017208
0.07580235
0.00249006
0.00451528
2.772e-05
0.0001671
0.000611
0.00128832
0.00851
0.00071513
0.00027392
9.55e-05
0.00136944
0.00028871
0.00020942
5.7e-05
0.00029878
0.00887638
0.00041606
0.00068893
0.000483
0.000487
0.2833856
0.000984
0.50000003
0.00210863
0.2598442
1384.24453592
8506.03
59.99999999
426.19296108
18.80000001
722.28045
140.89788234
65.30918938
0.17493001
13.70260335
0.01999001
0.06969443
0.99700001
207.13130553
0.711
0.0575
363
