1.23e-06
9.9e-07
3.241e-05
5.35e-06
0.00010301
0.00021898
2.936e-05
0.00054
3.86e-05
0.00046998
0.0001132
4.715e-05
6.73e-06
0.17135
5.503e-05
4.377e-05
1.08e-06
4e-05
3.102e-05
0.0018
8.686e-05
0.00057887
2.41e-05
0.00012155
7.74e-05
0.00688
3.12e-06
7.198e-05
5.97e-06
9.49e-06
0.000485
0.00136
8.9e-07
2.496e-05
0.00015703
3.773e-05
4.898e-05
0.05214209
0.0114
0.000136
5.1e-06
0.00077
4.832e-05
1.199e-05
5.3e-07
5.25e-06
8.782e-05
0.00021244
3.679e-05
6.876e-05
1.839e-05
2.716e-05
0.0004215
3.454e-05
0.0003589
1.085e-05
4.972e-05
0.0021874
0.0862
0.000135
0.00024197
0.002598
2.17e-06
1.25e-05
2.139e-05
0.00099995
0.00017751
8.68e-06
0.02712321
0.00022
3.413e-05
0.01139869
7.681e-05
9.09e-06
5.43e-06
0.00019458
3.403e-05
1.879e-05
1.6e-05
4.1e-05
0.0001638
0.00027614
0.000217
0.00038801
0.00045
2.915e-05
6.874e-05
7.23e-06
7.98e-05
0.00132196
0.0172
0.00388222
1.747e-05
0.001295
3.1e-05
2.826e-05
0.00728137
0.00049552
1.35e-05
1.87e-06
0.00012771
5.786e-05
0.00793005
0.000352
1.172e-05
0.00154999
1.842e-05
0.00024958
2.158e-05
1.87e-05
0.00167512
0.00420115
0.00205225
0.00015353
3.11e-06
0.00066
0.00013432
1.298e-05
5.42e-05
0.00032
0.000203
4.48e-06
1.92e-05
0.00012798
0.00213527
1.189e-05
0.0006183
6.663e-05
1.6e-05
1.12e-06
0.0069306
0.00023844
9.15e-06
0.0004085
0.00030683
2.53e-06
1.978e-05
0.00028942
0.000124
4.35e-05
0.00564211
4.48e-05
1.498e-05
0.00039012
5.071e-05
5.15e-05
0.00038
0.000123
0.00075315
8.941e-05
0.00015601
5.497e-05
5.05e-05
1.206e-05
6.888e-05
0.0002374
2.577e-05
9.29e-06
8.62e-06
0.00012027
0.00014279
0.00022996
2.43e-05
8.298e-05
1.835e-05
4.8e-06
0.00024652
2.31e-05
6.62e-05
0.00030212
0.0002836
4.312e-05
0.00077957
3.315e-05
6.317e-05
0.00198992
1.65e-06
3.771e-05
4.55e-05
4.334e-05
3.773e-05
0.0249
1.01e-06
8.593e-05
3.983e-05
4.47e-05
7.22e-06
7.3e-06
0.00479711
0.00212
0.03989941
0.00378714
0.00020841
0.00038372
6.473e-05
0.00123822
0.00642647
0.00056578
2.03821327
0.00065092
0.0010699
0.00670969
0.08241033
0.00011081
0.00028306
0.000582
0.62
6.031e-05
0.00058011
0.00013463
0.004289
0.02591899
0.03096232
0.13270272
0.00090611
0.00040083
0.00022882
0.00080323
0.00094239
0.20490839
0.0486
0.000206
0.015387
0.09351624
0.01931324
0.01979998
0.00181201
0.00161616
0.00064346
0.00243
0.00023098
0.00151031
0.0257
0.0001894
0.0823805
0.0028
0.00486997
3.013e-05
0.00017782
0.0006269
0.00148298
0.00893
0.00081634
0.00030646
0.00010196
0.00144462
0.00029646
0.00021815
5.667e-05
0.000274
0.00925992
0.00040127
0.00074421
0.00053863
0.00052
0.29855436
0.001021
0.48225573
0.00246031
0.28426813
1500
8816
60.04999999
455.07690225
19.01010021
742.037
151
68.5
0.18797949
14.53716202
0.0219
0.07599999
1.00149899
219
0.7707642
0.06298008
346.499
