1.08e-06
9.6e-07
3.057e-05
5.05e-06
0.00010095
0.00021089
2.905e-05
0.00048478
3.729e-05
0.00040999
0.00011111
4.44e-05
6.39e-06
0.16278012
5.388e-05
4.241e-05
1.03e-06
3.307e-05
3.193e-05
0.0019683
7.66e-05
0.00055381
2.227e-05
0.000118
7.491e-05
0.00702188
3.11e-06
6.367e-05
5.5e-06
9.27e-06
0.00046027
0.00144999
9.6e-07
2.282e-05
0.00014996
3.729e-05
4.38e-05
0.05039999
0.01126468
0.00011
4.79e-06
0.00073634
5.654e-05
1.03e-05
5.4e-07
4.89e-06
8.585e-05
0.00020001
2.99e-05
6.95e-05
1.78e-05
2.495e-05
0.00043012
2.903e-05
0.00034276
1.054e-05
4.763e-05
0.00219415
0.0851
0.0001251
0.00022669
0.00243381
2.02e-06
1.199e-05
2.074e-05
0.00094011
0.00017346
8.22e-06
0.02649438
0.00022663
3.378e-05
0.01148646
6.925e-05
7.95e-06
5.38e-06
0.00016295
3.324e-05
1.861e-05
1.465e-05
4.181e-05
0.00015481
0.00024932
0.00021497
0.00038086
0.00039383
2.9e-05
6.485e-05
6.84e-06
8.119e-05
0.00126178
0.01656
0.00202435
1.58e-05
0.00129896
2.71e-05
2.694e-05
0.00761554
0.00047268
1.384e-05
1.72e-06
0.00012421
5.45e-05
0.00768998
0.00033509
1.152e-05
0.0014901
1.788e-05
0.00023649
2.049e-05
1.781e-05
0.00161054
0.00415189
0.00159661
0.00015203
2.83e-06
0.00061885
0.00012306
1.286e-05
5.844e-05
0.00033498
0.00016316
4.59e-06
1.9e-05
0.00012364
0.00202817
1.067e-05
0.00059145
6.049e-05
1.442e-05
1.01e-06
0.00668774
0.00021136
8.82e-06
0.000387
0.0002851
2.35e-06
1.857e-05
0.00025891
0.00011294
4.148e-05
0.00553504
3.888e-05
1.429e-05
0.00031
4.802e-05
5.225e-05
0.00035307
0.00010961
0.00072145
8.5e-05
0.00016447
4.726e-05
4.554e-05
1.178e-05
6.046e-05
0.000219
2.386e-05
9.24e-06
8.11e-06
0.00011735
0.00013174
0.00022013
2.49e-05
8.301e-05
1.818e-05
4.79e-06
0.00026246
2.744e-05
6.55e-05
0.00029962
0.000295
4.391e-05
0.0007542
3.525e-05
5.87e-05
0.00189908
1.58e-06
3.494e-05
4.116e-05
4.129e-05
3.638e-05
0.024206
9.7e-07
8.349e-05
3.586e-05
4.153e-05
6.75e-06
8e-06
0.00461
0.00182508
0.04273899
0.00357
0.00018157
0.00035945
6.002e-05
0.00117714
0.00578
0.000524
1.94562696
0.00063786
0.0009095
0.00655336
0.08350399
0.00011243
0.00027708
0.00052018
0.58956455
5.781e-05
0.00066011
0.00012114
0.0040479
0.026
0.02945694
0.13589396
0.000823
0.000395
0.00021911
0.00076343
0.00099897
0.1945
0.02367252
0.000185
0.0152682
0.09073906
0.01758629
0.01907119
0.00178688
0.00146
0.00067858
0.00194297
0.00021637
0.00143914
0.02391196
0.00017473
0.07703492
0.00249668
0.00454955
2.789e-05
0.00016799
0.00062
0.00128961
0.00853
0.00067701
0.00028812
9.572e-05
0.00139666
0.00028594
0.00020229
5.7e-05
0.00029678
0.00887012
0.00041606
0.00068485
0.00048796
0.00048836
0.28689418
0.000985
0.50000021
0.00211134
0.26
1390.95876901
8530
60.29999998
432.0739995
18.94699999
725.91
141.65
65.63755459
0.175
13.83999605
0.02
0.06969443
0.99700001
207.49499999
0.7143
0.05701215
362.00000001
