8.6e-07
9.3e-07
3.021e-05
4.72e-06
9.171e-05
0.0002036
2.781e-05
0.00050638
3.54e-05
0.00040775
0.00010629
4.388e-05
6.13e-06
0.1596
5.175e-05
3.801e-05
1e-06
2.747e-05
2.951e-05
0.001621
7.455e-05
0.00054722
2.157e-05
0.00010507
7.3e-05
0.00643128
2.88e-06
6.777e-05
5.32e-06
8.76e-06
0.00045016
0.0012207
7.9e-07
2.181e-05
0.00012124
3.613e-05
4.221e-05
0.04626649
0.01024906
0.00011001
4.73e-06
0.00070978
4.303e-05
1.044e-05
5e-07
4.6e-06
8e-05
0.00019718
2.828e-05
6.3e-05
1.715e-05
2.411e-05
0.00037405
2.757e-05
0.00030691
1e-05
4.741e-05
0.00208928
0.0825
0.00012006
0.00022492
0.00239978
1.97e-06
1.156e-05
2e-05
0.00091201
0.00015832
7.91e-06
0.02600101
0.00021
2.836e-05
0.01055023
6.924e-05
8.07e-06
5.31e-06
0.00013752
3.177e-05
1.707e-05
1.452e-05
3.671e-05
0.00015
0.00024394
0.00020225
0.00034961
0.000367
2.7e-05
6.189e-05
6.54e-06
7.402e-05
0.00123124
0.0161
0.00211565
1.487e-05
0.00113243
2.535e-05
2.54e-05
0.00654453
0.00046901
1.303e-05
1.65e-06
0.0001185
5.038e-05
0.00752002
0.00032013
9.82e-06
0.00143216
1.628e-05
0.0002316
2.004e-05
1.7e-05
0.00159
0.00345594
0.00148298
0.0001345
2.81e-06
0.00061907
0.00011621
1.237e-05
4.96e-05
0.000305
0.00015737
4.25e-06
1.768e-05
0.00012
0.0019276
1.072e-05
0.000569
6.011e-05
1.431e-05
9e-07
0.00572337
0.00019324
8.33e-06
0.00034901
0.00026614
2.34e-06
1.89e-05
0.00025493
0.000117
4.126e-05
0.0053571
3.526e-05
1.4e-05
0.0002917
4.579e-05
4.57e-05
0.00033966
0.00010503
0.00071
8e-05
0.00014806
4.522e-05
4.512e-05
1.102e-05
5.601e-05
0.000212
2.403e-05
8.63e-06
8.1e-06
0.00011254
0.00012895
0.00022069
2.142e-05
7.593e-05
1.672e-05
4.56e-06
0.00022567
1.986e-05
6.239e-05
0.000268
0.000242
3.885e-05
0.00072341
3.02e-05
5.672e-05
0.00175
1.53e-06
3.294e-05
3.96e-05
4.077e-05
3.501e-05
0.0235
9.4e-07
8.226e-05
3.592e-05
4.153e-05
6.77e-06
6.83e-06
0.00420001
0.00170088
0.02929001
0.0035
0.00018412
0.00036376
5.572e-05
0.00108355
0.00604001
0.0005231
1.92939472
0.000625
0.00091341
0.00656772
0.07800004
0.00010646
0.0002611
0.00051118
0.55178035
5.677e-05
0.00040426
0.000124
0.00368995
0.02492428
0.02866874
0.12817011
0.00083802
0.00038755
0.00020397
0.00072138
0.000901
0.1925464
0.0206
0.00018
0.01361679
0.09
0.01714999
0.019
0.00161122
0.00140331
0.00060016
0.00175508
0.00021381
0.00144287
0.02320211
0.00017281
0.06876552
0.00216497
0.00422
2.791e-05
0.000168
0.00055323
0.00127
0.00853
0.00062014
0.00028002
9.782e-05
0.00134483
0.00025553
0.00019228
5.468e-05
0.00024669
0.00870096
0.00035964
0.00068434
0.00047504
0.00048971
0.27946461
0.0009884
0.34582264
0.00222556
0.25034036
1311.99000002
8265
54.50000001
386.00000017
17.30100001
684.1
134.116818
62.21375534
0.16807097
13.18
0.01966002
0.0680001
0.997
194.97000017
0.686
0.0562
243.05901586
