173
141
3103
207
264
222
213
410
493
3166
98
504
216
1612
79
95
297
83
170
499
120
241
89
61
115
353
342
49
178
374
56
262
204
73
243
110
1048
1068
640
227
1235
133
135
242
1766
158
83
89
332
226
59
75
267
503
328
154
42
610
4233
122
239
180
133
116
289
47
159
60
191
88
398
124
748
94
129
606
245
182
597
72
199
187
132
525
169
269
82
162
94
537
1370
621
411
423
122
98
70
270
198
337
239
116
2323
145
166
148
53
409
429
308
1113
168
285
413
197
690
1149
243
1045
212
219
75
206
162
476
113
122
93
214
2830
386
355
205
425
147
1721
126
174
137
160
189
49
239
86
175
527
499
289
1336
57
92
161
658
324
152
50
186
47
2359
153
132
514
146
63
81
133
173
139
125
53
695
60
1493
245
162
264
560
207
1571
2034
117
1358
194
2079
79
86
2851
190
208
1348
811
509
591
1364
21
47
103
196
456
11
20
66
33
28
21
497
156
122
20
81
88
109
27
60
328
30
36
20
37
396
119
111
66
663
25
425
47
292
832
35
21
18
302
45
161
45
95
238
207
270
60
522
25
30
805
76
20
17
68
20
403
30
22
789
575
493
411
134
154
904
410
2689
262
129
552
1184
389
445
121
386
253
278
78
141
630
508
288
