1051
2270
17519
2966
5126
1784
4729
1756
4379
3777
1077
2918
4398
5533
1459
1494
2973
725
2258
1789
867
1020
1307
691
2136
5828
3868
894
3848
3984
1040
1711
2350
1764
1256
1329
4222
4026
1879
1875
11748
1723
1219
2740
13583
2468
1645
2101
4844
4703
1031
1436
1980
7056
1340
2046
884
7826
3234
1399
3176
2601
3667
1210
1965
560
3346
1817
1681
2084
983
2088
4089
2077
2180
1619
3539
3397
4115
982
2488
1812
4240
3603
1203
5542
1795
2873
693
4554
4140
1416
2581
3982
2495
1234
708
2372
3618
5027
2469
2509
6411
1409
1724
2757
1849
3647
8303
5419
5257
1941
1519
6866
2070
2592
1460
5561
4331
1285
1374
1184
3082
1731
4171
2190
1609
1179
2340
12061
1293
1085
3156
3879
1967
23496
1154
1473
3015
2130
2094
504
2903
1553
2583
4311
3647
2701
8438
866
2165
1101
4251
3843
1298
1189
3102
1136
8595
408
1899
3992
2699
1002
1441
2643
1773
1184
2177
1078
5043
666
5372
2057
2418
3241
4098
2874
7764
7612
1086
4732
2024
14031
750
2056
26643
1477
1788
10006
3878
2618
1246
2355
194
221
281
379
522
85
87
156
322
270
168
672
333
326
152
224
84
474
188
199
511
166
272
108
86
768
96
189
382
874
209
834
682
248
588
84
329
190
534
166
76
77
236
943
436
282
186
705
124
177
573
98
142
150
261
94
365
211
156
970
743
656
902
297
99
2853
1031
2711
1586
566
2070
1511
1174
1740
770
1676
1265
858
76
731
3166
3030
713
