2964089.08450647
4077867.88978012
58561514.91821769
12447608.6220706
624316.23679595
101738.15105963
1435498.53214714
93562.73343559
3141860.66869034
399301.56529573
30229.95914762
4295178.25044993
11287357.41879101
7632.39012139
453140.51715737
35544.60215511
102777552.35203218
667280.72253948
331525.87382844
12211.95130754
5389560.27784832
77756.56747682
37283.60141117
6814.97970676
128722.58583648
29258.26007749
16153316.99259113
26233.8847082
1018576.46451606
2628856.04944463
9413.92701406
26966.12753756
6836190.09419009
102600.45338081
31487.87969762
143132.04586109
2326799.99132789
9646.31813609
49979.8155557
402927.19602764
130583776.99241023
6845.27802983
323214.21884798
6342389.57633879
602902379.4089414
4240878.94212794
49346.29980851
49142.03084455
5023055.31099283
1228465.20597441
201357.59563588
23890.9376577
44506.64931052
6095812.42842422
252425.0752529
98680.02803596
7522.67561837
232097.58663315
15696.61967681
37316.82029934
110721.16412874
14109.09563509
4128454.44483031
520042.0066403
1669824.26508249
191.26817184
152401.36208444
141771.21049299
947.32187584
15470.55325178
151244.25550967
1834.61899746
6028915.42894086
542704.7899928
945413.17951615
2821088.18294951
3081244.14739132
812245.51291625
8462315.6291186
19148.69076239
36912.98117569
87827.33173955
315536.54683875
309478.30604261
14700.40909062
1936935.83100025
117589.15210609
1251777.17355517
564962.3370832
245030.60352927
25003.65756592
140922.26384986
5487969.48286563
102104.87680883
551629.84053261
887401.91950281
255.05405775
80376.47579526
1615069.67328634
5315839.46970877
179044.88580863
449820.20061891
57258.62887696
14205.58675096
1094651.35863666
17031.04937614
64951.95744171
336049.68355149
7270731.41259829
1187401.64224498
131089.24198573
1263.62073328
84026.07223188
628220.34441702
3674015.27776981
701591.79336113
7427621.39567218
687563.53524581
3534161.01421064
27313.53556614
218412.19604102
277380.63364442
985965.46584563
195509.08812186
136301.47068896
551326.28425048
18395.9573347
429643.30246663
4511550.76420627
2148924390.1593127
432532.04431621
265171.53571569
6227201.40621528
303389.27892722
200302.73884697
421305997.5620555
259093.57944194
371112.69802648
66606.53687355
85047.9252272
8618.24741222
132624.6719068
17297655.7363155
28513.38414042
114803.94631146
28375252.59526808
771895.48842085
1143123.52637766
563215.31294661
37734.99251449
48646.03602926
690272.19692556
5732638.34978594
1317311.96106813
875282.88138114
11779.34940305
545254.31841374
102111.10820842
225541110.02372444
1131089.55884222
139763.09164977
103781.72722384
1448760.3635149
126684.87987509
2446219.21653015
17501594.42830914
105731.17352484
3247390.796372
192716.43814082
8866.38055173
712350.73027863
27404.54410052
345303.51905299
5864266.57900632
437728.91666249
7049.57898879
169468413.9583702
343733.72209945
6925799.76331181
15246234.69989866
115248.01969008
11884.51693906
8757872.80859044
14988326.20899669
42500.04822939
39596.75969367
318034627.6171333
575319.98859948
7733.83342078
268878.29297137
6088.47692544
19120.29175201
3431749.11050543
7739908.52492335
860213.26857839
28053.73920876
12360.31263423
160465.57284969
637.21830729
28812.2037073
391370.15866108
7253.65330444
2152.84177289
143458.21539396
4760.9752337
128484.772992
582.41746213
2489292.89371114
41673.64255858
258066.70391312
12592.39168304
25536.01012914
1682.81423696
389.82358709
831552.8472087
136882.23621944
59089.88420446
5194.0542655
32815.01901352
4998.8079138
4654.29214082
254753.00859605
19008.11622597
10469.71492123
1269.07621679
26704.50354669
21474.33388892
320265.7015807
202392.61664751
18667.04634213
52759.14388734
44435.80455259
16841.95868135
127663.99128823
27985.51233298
7780.26183832
19942.91181816
16618453.75382786
1773949.770965
454030.35425145
111127.34143561
13956.7260898
72080.19500617
47991.02843724
37357254.43164434
48638.70843699
131083.05869581
99745.57476441
2796420.49847509
85878.46236544
11838.77906994
270801.2258998
20047.40883418
324806.97457489
1377202.08743937
1517.48043975
1414378.16737093
847.33622183
161922.70474562
24697670.36215708
4420.19836368
4601.21953784
13768.66759944
2102.05006143
132663.61630241
15868.24437894
14712.17412935
35797.04667956
1676346.02621365
90091.60829659
44212535.81724804
42481765.0824994
82141.67536529
3213.10155935
9807476.5929321
42506243.76705259
2237.44327502
